417999868 0
379737332 0
155165528 0
651759394 0
651759394 0
79761790 0
412517141 0
417999868 0
417999868 0
260837913 0
584550656 0
279683412 0
289835011 0
3011448 0
379737332 0
264459870 0
576631116 0
30316524 0
465477667 0
417699802 0
495558689 0
421957584 0
561988258 0
185793589 0
67748770 0
476329308 0
313124742 0
66114694 0
378360801 0
1797425 0
378764077 0
1797425 0
176189129 0
313124742 0
314029382 0
394741521 0
378764077 0
50189158 0
108094318 0
149536119 0
378764077 0
735532065 0
75338955 0
176189129 0
71897829 0
314029382 0
394741521 0
378764077 0
349100722 0
394730240 0
50189158 0
108094318 0
316508078 0
503220921 0
17855573 0
405825808 0
335292797 0
50616965 0
47143594 0
651759394 0
378764077 0
417999868 0
119533089 0
402834051 0
264459870 0
417999868 0
561988258 0
56900260 0
166462292 0
138910008 0
417699802 0
378764077 0
476329308 0
50616965 0
50616965 0
260265714 0
611164488 0
610893983 0
176189129 0
260265714 0
3011448 0
328583595 0
756315530 0
68036609 0
232133585 0
611471234 0
312632215 0
611471234 0
55412519 0
181482852 0
168694476 0
592668009 0
278971064 0
61568465 0
26584107 0
471136839 0
3362591 0
410309255 0
137281540 0
278971064 0
530986329 0
382856784 0
61916964 0
87866214 0
410309255 0
553083991 0
287620470 0
53697120 0
229345701 0
26584107 0
86971445 0
415759 0
86275045 0
88071657 0
237113016 0
415759 0
287620470 0
846787894 0
415759 0
95419689 0
